$ANSIBLE_VAULT;1.1;AES256
63313832613332353831326266316432353161343139636665323332333530653165613966386534
6232666633643339316139343030633139383061313762370a336539303365303437653162643165
34343531303264323665666465393838343964633766666665336436386133333534663765333465
3933366431636234340a346639316161356336383235633165396136633036393337646334373232
39396163333162613239373538323363313435356661336162386561373762393733343665656437
30313064323964623234323132363565393534376261653661336337373035333636663461333263
63396165646136613761313761363834383832383832613065646331633136303732343535626632
63623533353931623531646533653039363539333562336565336461653062623064393766383230
65333966386362353338616431643163386239616137666262636630353764376139623566636537
31336637636334333563623334623335376365656430376631363131363263303861303335356664
65636162393033663135643666646266333363643136663430653366386638616530326434386662
63316131663537393539396432373838313938366334326161383435333636396564373761353630
34336638373030393835663334626564323234666130613539363162646530363038
