$ANSIBLE_VAULT;1.1;AES256
63626130646462326538646463616530666135343131386431643932363264613233643831633662
3437353565643030663530333063323164343130623261310a373739346535376533663735323131
39363933353934316566626563636138613565633164653630386166373937333430323261333238
6130316239383335380a313931643063313135613161386333303163356361346432313362386338
34373435626430383165646138356535636665333164313463656236393532616236313230323563
31323335613465653137366633633339643062323937303333356236346533363966623831393237
38623962353635353661336164353834633866643037386333666134636336653534633435643238
65393463393931656363323139633761393132306261303435383434376239343138643632626664
31373634643234323731366139383334353531613530643537323636613833303061663766333964
36333436383963646234373033343835356463666633336634333864356664383637353563393963
65666265653134373836666636653761663831373562383337303762663833653166653031326137
33363137383333363031663635393965353039613164633933313132323534303035646235316335
36636165376230336536623034633133666638356536633532666538393161383239
