$ANSIBLE_VAULT;1.1;AES256
32396537653136303134383662303362643163303530653762626236363130646437653264626662
6232643163383732646531306633303931646562343339340a323939303239653230623161646337
32613065396638343632646563376536343661393035656539373663616562623831316238636366
3664313061393333640a613936393262303363643833346262306438636264636238373031633133
38633266353232393336643361333566613233653436663062343938353961333466666436613437
36613130646438623237396134613534303933623632323935663666363637663166633663653539
37373435386431663638313232376136396164646539613235356166656635626632383336326636
66623135313736623733366132343736623637363534373138343530303134383035666339363431
37653938323830323964363531363535326131653161323236636230316464373365616133343138
33356663663937663631363338333064616233666565356330313864633236613663373365393961
62623936353565656539633635666630333239633265646232396335633866303834396433623738
61353864376230326163373934313435376161376461376566326332653066326461663262353934
39646237633762303666343663346333653235653164393234656266626634646236643339643434
36376365633937383263316339363037373032323862383763343332316231356562643938363738
37303834333636376333346334626334656534373035323232323934336564396634336464636633
63643631383231383031326461393966343337646566623662383866643364376465643037323666
37373532393432316263653161396635623330393561366637336163323934316537336164656666
63313039363533343761626330616537376166343865396166383036326339663962353665383163
34313266373565373939363435346335323962376133343631303766633635313231313637643837
31363935333462653233323966633762316136646539336538336532303739333238613635666133
33643265656265663439633465376632326536326330353231306235333233623330383562663464
32626364363137353531353637363666333333613736666435313731303531313634346166323333
30663566323031323334393530346163393430616637666333613565363335373432356432653533
61646665316134396439663432646233343136383066333131393734393735663366346463313762
66636230663337373032393335623061656566343539643732623861393430396437643830373231
64626336626363633534393264663438633464383161376434333432646335363638666235313932
66626262303439613561316666333934363762303439353065636265636665666531313035653062
39383563666430396264353138313635346438666639336534633136643236303539663939316237
37383361336535626162383433623065393034396464633133333233386532356431326339393136
36633330663633306435646237303865366364643565363536666334396338356136363961616666
32396339306231333766306135363534363666336261343033623635306331393536613863376139
34393632343635303561353837393563336637646363643038633333623135323132656636313965
34663635366365386162303336326536336632313035316266653531633661343737
