$ANSIBLE_VAULT;1.1;AES256
66336332663235653462393563623339366235333738646262363836616337333032646235626661
6138623434383930326135376436376236643666343732360a646161313264386666626437613564
38623561633739356362386632363835353530373464353534373936346663343236633739613664
3764316361393166300a333839353961326230653534323061393561343162626338353166393565
35386432613935313434626366666566343465313937326565386264656530356433303938366435
33343465633831356536363261663830303562303139633330333437363433656566626166656430
35313234636535353134336635316362666537313037663361393736343265303735323365343634
63313534346638613862613533653633306439396666653162323136646263373634623534383438
30303438343865623735666336663132393765303465643038653665313837346262613466303938
32326532323063653739353665663135623635353161376239636265633664393462376535623266
64626234323435346262616366626436366662653063356532373463343133656138386266316330
63613462363964336236373734393131363361373031373238393238313133303566366466633165
36393539623239366465393232393661363035383866313261373263346335666264633564373239
31623365613431663037343561663630396339623136393364383538363138333132373666633339
37323333653338363730393335346233366661393166373762636530313361393963366262393566
61346439373463616332356135373331373434313364623830646433326132613162336265326166
30363461633230363531633232346636623033663362663233353664376336623536376562616663
31336665643865343461363932373736323635373363303363613332373537353239386537346431
64333133633534636138656432373437646436373961316639623330386162346532643138343738
30656562626238623865643638346530376639343532333830626231613239333835333533333466
36353632303862663137626361633430356238346339363232366533663730366636653038616335
34633632643436323437386461373837663739333933663330356536303538316364303538643431
34616136326237663536376262656135653562396538393365636432353035653262616163353364
34623133343832653263313634653464633631303537623665646663633336356664636639636536
38323366356538313064396365346239306163373234343964643561346165383062306639383666
65303637373538633332393735656636656137646466313964333863396134353030316633626633
39653565383038383339343964323965356561333338626630386530666331653063666434366531
62346365373435656464393964383662383031633536616234373734623134363761653634653263
36646538653462626636353863643361386132303661346537343939656264363461336662313963
38386433383165343836623537613666616466643039333536613531313762643631393834653537
36353465376536663263636234343764386435623931366137346462373663323033633138666632
61356561613132353634656437366134326136316139666363656661353138623937353338666262
38366330623464636437653237653437613136353664313133346130396635623435636239306639
62316263363035303939346539646464386131663932346564613636643765346530303930613539
37373564323935616365653766316566643534623332353865656262666131663538316334316362
31356530306230626662363437633133333737646232393337653063646166343261663532356132
62666537663037373861653335666161353035333431376432633733623839623736336431626262
30643434393261623663366266643138333637613063303534653566336631383863356466643831
37623334306636356163323362663964303835643332633837636332373863363532346138306565
30623532313061383263663966333738396664623835643065393036643035623339663532656161
33333061386361383432366462643862663931356263393331313632633036656561666238646633
39313934666230363766613932663138386161643439363831326563613933346132393432656235
63366563646661346436386466336130656138616434636534383865613765363234656431343862
30353863623165306431303234653833666464663033303232383934343565313766303264373432
62623637363237353964333832386136396634653962353663393165663165646138663833303934
36383566663565656530333334653731323064366337646363386331346536366365383864333165
31383333343164323138326630393336636334343761333933306535663736633437316666343665
62643865333335333166356365333363353830396132613930373839323339643765663561343162
65306537373031353336356164613232363538626334306165613961313437353536303335383338
38303231316161623238343230363232663861666133373132373562393836383732656139313236
38653162626530316230663438326466616365313034373930306535323037303530306237323635
64353865396237323363636439646636623534303730323862643333363630386434373836303563
36666364333436373861373639393533376366303434386639373263316134366666323038333862
32376636383439383132653130363339623262323333656331666136333531383632643138393666
39323130333731613532343064396263646432646463313166333166356364333233386637656261
33323731636265323262346262326337396439653065333030653861396461386366303138306431
63643865323735663531666663306336336565383738356363326661396638383430626135303239
66306563623838656231363531303663353830346236323236316134393464396133646237373066
35376162323563383232306531393663353364633135303663346462366336383734663739623635
32346132623634353732316262306336656638353233376334643637336237636130633066643561
37653161356337333666626335353036333361303937633762396364623136343431666135653962
38636439353738633439656263326130633136396239336139303335633133323365363462616636
63386334313939333734336366303239373865383761333136663561353261353039663862666439
61643036346639626564313066643636393535643861646137373636373631313830303539623062
33333263323864313337333832353430656365313035303363613737303738663461343339656536
65396433633332333062383132356362313466353763336134646464363961323935323138303036
31613235383062303366336162346462356439626131323337613538643136313964616538616136
31303265383964653535313934633733326332633763393339326362343639356635666538353838
39306364363135366363653938666264396334336664336436613034376664313534346532393661
65396561636333653763313735303234363832393430306264303230353666396364373436363430
64323063376561376237376162363337353361316165396165393864633039643735346534313262
61303739623261366139663261373837333733336430613230363537393131663135396563663530
61626335376265343038323561626539333135333464383830333363633033383462303831346233
34636562343231616635663134323136393132346432336533626663393538666162653162376563
64343635666364376562356162306163616161353530313931383234356335356238383461643737
37623734316631616136646237376366363139643961366365306530303731636634336166333630
39653765333138636165623665353737303333383038363863656438626264343465666563323337
63633665393361316161653233396532356230373535356463653036356536376330303832626231
32346162323232373930636330616262353634643331343538383034343937386230323235336561
39323335396431623737643037333734653437383132626639336238373062326636623433383763
62623130313834316263323964313331353363663036383638316238646534623537326631303262
36356431346538306439616362383031646632333566343035343261626363663632323362613830
36303734623330366239366465643265653537373034653063333234646165313635393032313263
33633731346536643562636161323739643936643661626537393439663035623262343561376639
32633862656531366439303332366434336364303038336431376533636637666139613534366366
61653634333366386239336266393030623965356639653263373933363733346330383235376538
64343630326536613138653431363738663732656566303131636237656230313033326133626134
35343565353063326538376638666335623631656135376430396333353962316339326637373335
34616465666261656531323364306163343563353634386539616630646166393166663930643065
37636433373232316365623430616331306464363461313634323034366233646363616535323863
35346366396662376162653335393363333233643066383065663232386466363465353063333837
65633635663566646264616562643263623030663535346532326139313930363932326265313630
62363130636131393364383663363162663939636239643265626138643764666263393466316565
33383962316133333736653632656233343666386436636436623766366130353638336165326631
35646636616265356131666464613834613839633539346164356462353135633365393031316231
63373134356465653136653533653235396139626636646333316266616534646666663737653761
63623666616236656165306637313730373233346131613438646263336165656662313834346265
39663135613166623737326663613762663061646263663539653065656265313536396234393439
38346634663662346232626262346432373137376564633736326365636235353338623039313334
64623237653637353631643361366364303035636337666432616639386361656466613465323336
62326265386464646139643262323234376361633932633561346633363131306236623035386531
63626531366636623338323731393463636665343962353536333636303537613266326562363963
37323138313861623432643336663261323962346135353031336664666636616130383535333563
35613731343434343337626538666633343236396233333633383334393436343164623764333236
63656462343731653131343033343134363862363730396233363364326434386433346632326661
63363435386430376437613633643536383633353662393531323630386337653931366136656565
38373636633465666631623964313961323863643335383962353665376566616536336235356333
61613638356161376130623436303534323431636464373362326164623363636534306461356137
63666162323330303463383037306135663030396133663931313566363538363138626233656332
37373035616230323965333731343965663337303462353438623938373364653730343036373735
65633530636338333632646365363165373265366564633264653665363666353365396134333863
31336136393333333539643134393662306138313632353133313664666238356337323639326430
38393337333265386563346161373965666235333436303937363831343637613738326331306664
61373162376365393739336130663434316632656533303039313964336266653831333136626666
62363231376337633639626265633132626530393437643937363765396539336338653539333865
61353861343866316665643062633463326365623038623164653533396466663030316561356632
33303937343038643332623166313965373666376233663964643031303665353634613532386636
62313630653361613538323636383561633165316233616538346339313134306463323633633238
63323833633765396362613238356133326133663830396163393133636430306333633835303630
61393466633137346461663232356264386366613635666438393633393239383365373638313364
33316237366334666262376636646161623165323231633266343065633864333230353733613462
61613563616131633762383532353333383464333437386361623631386466636331383133343035
33663839333163326139323738613036323435356666306265643730356333346132613235616162
63653831633031383337303332343962613135393231636539306238663538303132646332343432
65616663613935373434643138356165646266353732336636396434666265326535663730656665
35646464363366306264303030333364303431303461366137353234313039616438393834613335
30353861646538313965626566313538653066323837643131303936653134653933386563316361
38343930316166653865643666326661343238613638643961323665636332323431323161646239
32386464636636663136306166393233316465316135383339633932396432633632373564323936
30353561353033623031336431333063353961353235666635643835643833613731303934663133
32656565623331633335663835643766326461333636366638323965316534323166336463393838
39633538376264393935326265363066616239313166356137333762316233656464616539366231
37613331386536376238356434336164323563333864353965346566386430303464306136373237
61613332373931353133663732333633383138326538643933306235663932616435653735633737
66346232613231353239353035653034636465393230333961306465663438663262386266323034
33393930616364316461646263373762633936613663343663653435666565346364393633316437
39383965343365666163373039646637316163613364353963386666353266623538396431386333
35313162626366376134366639356336356465346131393737633061366561663861646263663933
66373038313865633935323662643965303835323631396234393464363539663233643664313631
32346131653265616638643336363962366637633538373664363334303434656230383238366638
31616665653961663664653835353136663164323435396431373762343735616561323132666461
32323166353761623338313235376266343038643830623861386264663734373339333239336134
31646634616263333930313464333836653036653466343062373261393337363036353065323834
62346539623231363932646338626234663861386564616366653263643031633064376165643061
66626234396539313138303961353134393137303137393730316436356164623863396465363530
61633163343533646130386235363633643962396464646238626136373436643338383163343732
33626239306133626638366666613861356362316363336133653039666434353762626133396131
63383733353931353262356631396366613530353262336333326233353237633939393135643932
61623437396638353032333534623933373032666163646335306462383431653131636435643737
31323931643863656333333966393037326664323166343666346238316564653766323939363534
66643535313665656137363730396230353531303963363134646666356635643834633833386561
36333765396336666463393634323866326638313138383965376365363634643863316164643330
38633864646639636538393537323334623835343935313431636665393865393863643236343533
37653430616432613965643331373636326430633362383338663366336438343231373033666663
36353332333733623631653033393638666139633031656431366165333463353566353062303765
35363163653831366136336638353463353235663436376234313263366365316363386563623230
31646130636638653465303666323835646131636235336638336438613736316431643236653235
61346365393062396363393630316562333535626439343663366166376663393430393939373831
37663862626434343361366232316461613761616635393034306436303236393861356436623564
61653264376463336234393061383839373533633565396330646663346165363132363939643033
31303365343936356564643166316634383335376562633162353739373230323361383233643066
36656465626561333337323638643330633138363437373732653833356139383631646662396133
39633630303765653935353737316537383830323733653566356466386366646336613231633435
35663133303061303435663961373235626363343866393661646163333234643134393364623239
6236
